16
templeSR0001.png 1520.400000 0.000000 302.320000 0.000000 1525.900000 246.870000 0.000000 0.000000 1.000000 0.02187598221295043000 0.98329680886213122000 -0.18068986436368856000 0.99856708067455469000 -0.01266114646423925600 0.05199500709979997700 0.04883878372068499500 -0.18156839221560722000 -0.98216479887691122000 -0.0726637729648 0.0223360353405 0.614604845959
templeSR0002.png 1520.400000 0.000000 302.320000 0.000000 1525.900000 246.870000 0.000000 0.000000 1.000000 -0.03472199972816788400 0.98429285136236500000 -0.17309524976677537000 0.93942192751145170000 -0.02695166652093134900 -0.34170169707277304000 -0.34099974317519038000 -0.17447403941185566000 -0.92373047190496216000 -0.0746307029819 0.0338148092011 0.600850565131
templeSR0003.png 1520.400000 0.000000 302.320000 0.000000 1525.900000 246.870000 0.000000 0.000000 1.000000 -0.12459423323539082000 0.98895928871004091000 -0.08022345242268591500 0.28153512590579682000 -0.04229297064421112100 -0.95861842122676455000 -0.95142748011905343000 -0.14202404693648824000 -0.27315731761402628000 -0.0804772117858 0.0347151596258 0.560473795442
templeSR0004.png 1520.400000 0.000000 302.320000 0.000000 1525.900000 246.870000 0.000000 0.000000 1.000000 -0.13029605274095349000 0.99119803974812748000 -0.02343895559951655200 -0.11536955428847780000 -0.03863710562518051000 -0.99257092442413708000 -0.98473996800343433000 -0.12662393165740077000 0.11938833840965069000 -0.0825631056881 0.023860512378 0.546238733662
templeSR0005.png 1520.400000 0.000000 302.320000 0.000000 1525.900000 246.870000 0.000000 0.000000 1.000000 -0.11336189346759781000 0.99306769310348053000 0.03107471678989884300 -0.49396938490232206000 -0.02919611501518744300 -0.86898897210910642000 -0.86205761285929272000 -0.11386019401947006000 0.49385476440871356000 -0.0838881718179 0.00825064381625 0.537328766918
templeSR0006.png 1520.400000 0.000000 302.320000 0.000000 1525.900000 246.870000 0.000000 0.000000 1.000000 0.13807231488914926000 0.98993281310425651000 0.03112975105337044400 -0.46705847237686349000 0.03736281839816532600 0.88343670015589459000 0.87337988254947896000 -0.13651756422101491000 0.46751527827122269000 -0.0762889487995 -0.0499890220447 0.590680158335
templeSR0007.png 1520.400000 0.000000 302.320000 0.000000 1525.900000 246.870000 0.000000 0.000000 1.000000 0.15497845444162242000 0.98764123913336677000 -0.02337651432514656000 -0.08483672679970129200 0.03687993341332458700 0.99571210713606428000 0.98426846360370535000 -0.15233073647342665000 0.08950384506078289100 -0.0739411102336 -0.0422175765405 0.606770639775
templeSR0008.png 1520.400000 0.000000 302.320000 0.000000 1525.900000 246.870000 0.000000 0.000000 1.000000 0.14924744465611009000 0.98554503244193847000 -0.08016351596979645600 0.31084431847048910000 0.03019760281070211000 0.94998100742020297000 0.93866980879233486000 -0.16670061131713207000 -0.30184415887715305000 -0.0722007564225 -0.0287147443427 0.618579789757
templeSR0009.png 1520.400000 0.000000 302.320000 0.000000 1525.900000 246.870000 0.000000 0.000000 1.000000 0.12178879854502510000 0.98397686167544829000 -0.13021913928564777000 0.65718996007304553000 0.01837631450844677200 0.75350094057292005000 0.74382043863297265000 -0.17734668520280353000 -0.64442168517161924000 -0.0713440820504 -0.0116234290665 0.624233492551
templeSR0010.png 1520.400000 0.000000 302.320000 0.000000 1525.900000 246.870000 0.000000 0.000000 1.000000 0.07696020733473872600 0.98318559576803610000 -0.16559954939928406000 0.89923509311540939000 0.00329210872029469690 0.43745332245840185000 0.43064297718262490000 -0.18257942461960402000 -0.88386162939051693000 -0.0715070414677 0.00634397500882 0.622834504684
templeSR0011.png 1520.400000 0.000000 302.320000 0.000000 1525.900000 246.870000 0.000000 0.000000 1.000000 0.02187598221295046500 0.98329680886213122000 -0.18068986436368856000 0.99856708067455469000 -0.01266114646423924800 0.05199500709980022000 0.04883878372068523700 -0.18156839221560722000 -0.98216479887691122000 -0.0726637729648 0.0223360353405 0.614604845959
templeSR0012.png 1520.400000 0.000000 302.320000 0.000000 1525.900000 246.870000 0.000000 0.000000 1.000000 0.01363654728930748000 -0.99598585067933787000 -0.08846598117119695800 0.98568300171389711000 -0.00148022139463806730 0.16860257731394196000 -0.16805673063078255000 -0.08949857088903123700 0.98170613785313243000 0.0923865503342 0.0174592000997 0.540646633394
templeSR0013.png 1520.400000 0.000000 302.320000 0.000000 1525.900000 246.870000 0.000000 0.000000 1.000000 0.06091231694352535600 -0.99580507011728536000 -0.06827848836405432700 0.84172768564816447000 0.01448188430858370400 0.53970804907862679000 -0.53645521048635192000 -0.09034676173267966500 0.83907882215347451000 0.0931354607451 0.000601799092695 0.53431587542
templeSR0014.png 1520.400000 0.000000 302.320000 0.000000 1525.900000 246.870000 0.000000 0.000000 1.000000 0.10064436337366003000 -0.98987287691280146000 0.10011193571939807000 -0.45281218231871551000 0.04402436503296685400 0.89051837871388495000 -0.88590735388350439000 -0.13495755938745446000 -0.44379569342131825000 0.088662178244 -0.0503548809547 0.566981909997
templeSR0015.png 1520.400000 0.000000 302.320000 0.000000 1525.900000 246.870000 0.000000 0.000000 1.000000 -0.09868778720769125200 -0.99342356952296929000 -0.05805456202825097500 0.72029150408413001000 -0.03105781339599184000 -0.69297587358527946000 0.68661551817612676000 -0.11020446335472237000 0.71861958396388448000 0.0879660833613 0.0384696353834 0.575349613813
templeSR0016.png 1520.400000 0.000000 302.320000 0.000000 1525.900000 246.870000 0.000000 0.000000 1.000000 -0.05439995112000559800 -0.99497063228547356000 -0.08410758709882369700 0.93391553816646533000 -0.02089350177384347000 -0.35688265460073498000 0.35333045847956862000 -0.09796378143513864700 0.93035513898593913000 0.0901828779869 0.0336020152768 0.558139052285
